32
0 1
1
45 53
34 32
1 9
13
40 53
12 55
10
37 20
27 34
11
4 22
35 6
5
13 49
60 8
3
15 43
10 4
7
32 30
19 45
4
34 52
18 25
1
36 16
29 14
9
52 33
58 35
2 2
7
48 50
21 12
1
28 27
12 30
3 1
3
58 10
34 46
4 12
7
19 41
42 39
5
35 21
34 21
14
6 40
29 29
6
58 14
26 17
13
50 60
37 8
9
14 36
38 35
8
10 50
44 46
11
53 29
50 43
2
5 6
58 38
4
27 11
34 27
1
56 12
3 22
12
27 54
19 25
5 11
2
40 48
46 26
13
4 34
40 21
3
42 12
13 28
9
14 5
37 4
7
27 36
51 32
12
16 43
36 53
6
29 42
43 5
10
20 10
45 55
8
20 16
25 37
1
49 53
25 53
14
16 52
25 56
6 1
7
46 12
6 40
7 14
7
38 23
6 28
8
47 22
58 13
10
60 14
46 16
13
56 55
52 38
15
23 6
50 54
2
25 31
36 41
11
38 54
57 46
6
48 54
5 35
14
22 41
29 7
12
4 12
61 20
5
27 37
43 29
3
2 57
19 50
4
13 3
8 5
1
53 31
14 41
8 14
13
29 8
37 20
1
35 31
8 57
10
2 16
11 14
7
33 28
14 40
6
52 54
23 2
8
26 48
37 54
15
41 3
35 5
3
46 13
32 43
4
52 4
56 35
12
40 8
25 61
11
2 38
4 15
9
10 9
28 26
14
29 57
19 46
2
59 3
58 56
9 3
10
21 34
6 54
3
18 16
44 45
5
12 58
47 14
10 5
5
24 52
6 46
7
10 18
25 16
13
14 46
3 27
8
9 11
11 53
10
34 10
41 37
11 3
3
44 55
18 17
8
51 38
9 43
12
41 15
10 25
12 14
11
50 49
48 38
1
58 20
51 7
14
46 29
38 32
15
16 44
8 20
8
38 50
60 56
5
5 49
32 39
10
51 57
11 60
3
40 13
56 27
7
18 60
51 17
6
30 21
20 20
4
61 43
55 11
13
59 9
33 6
12
45 20
26 55
2
22 14
33 48
13 15
4
23 38
40 42
5
28 55
53 61
10
36 9
59 45
8
23 16
61 56
7
33 45
38 24
1
47 25
47 39
11
44 27
61 59
3
33 14
34 13
14
15 54
33 44
9
27 52
36 27
2
60 2
49 21
12
10 56
23 27
15
54 16
58 26
6
3 21
49 28
13
12 8
9 48
14 5
10
29 46
57 48
3
13 15
25 40
9
48 34
47 14
2
38 39
42 58
8
53 45
53 13
15 12
10
26 50
30 39
3
22 33
18 9
14
54 10
56 46
4
10 25
46 23
5
43 59
3 41
1
35 46
19 61
11
58 55
23 21
12
51 25
59 38
13
9 40
38 11
8
5 10
20 34
15
51 44
30 56
7
16 41
13 37
16 11
3
27 7
3 15
9
42 42
7 13
11
8 36
33 31
15
20 17
57 55
7
29 38
10 8
14
36 55
52 37
2
38 32
20 40
13
8 33
6 58
12
58 13
4 30
10
36 22
7 24
4
21 54
49 61
17 7
1
40 53
16 53
4
12 38
59 58
3
59 44
4 50
13
35 7
36 17
7
21 4
4 9
10
22 29
45 37
6
48 23
6 58
18 13
5
17 25
9 37
4
8 10
13 3
3
43 33
47 46
6
48 34
30 24
8
14 14
29 37
13
60 53
60 21
9
38 60
54 49
10
24 2
17 41
2
28 60
57 34
1
6 49
6 54
12
38 5
11 55
7
23 52
11 39
14
19 54
59 46
19 6
6
12 8
56 22
10
30 32
4 22
2
27 6
48 52
4
30 51
12 32
5
35 35
29 47
13
7 26
32 36
20 5
15
56 9
17 8
3
41 40
38 56
10
33 32
26 12
9
11 61
4 45
11
39 9
19 47
21 15
6
28 10
54 15
5
18 24
23 11
11
19 39
5 42
1
13 6
17 34
13
35 34
42 47
2
53 39
25 58
8
32 55
17 9
3
11 19
10 7
12
36 25
7 21
10
11 30
4 51
14
15 35
18 42
7
39 25
32 6
9
7 57
57 38
15
12 57
26 26
4
58 10
52 27
22 2
7
45 55
29 31
11
46 31
32 10
23 3
12
47 47
53 11
6
5 38
2 39
8
28 47
58 31
24 3
12
14 50
5 8
5
26 25
26 12
4
19 59
17 29
25 10
1
25 35
47 17
7
3 56
51 7
13
41 56
28 4
5
19 26
23 16
12
10 20
44 26
4
54 33
36 19
9
23 46
9 49
3
43 14
36 53
15
51 54
36 60
10
31 44
56 36
26 2
1
15 38
46 7
9
44 55
15 20
27 7
15
45 58
58 19
1
52 32
27 42
9
13 19
26 27
2
50 35
23 49
12
56 57
28 31
7
8 10
4 7
14
8 44
30 20
28 8
6
34 2
5 6
2
54 37
12 3
5
11 52
43 46
1
5 56
49 18
3
22 9
47 11
4
10 47
55 27
14
38 7
13 34
11
27 44
32 53
29 13
3
54 41
51 41
1
47 42
36 30
8
8 25
48 45
13
43 29
54 26
10
3 6
12 52
11
43 17
25 8
12
56 5
32 14
6
21 2
22 11
5
20 21
48 8
14
49 53
25 40
2
34 34
30 44
15
52 55
41 52
4
35 51
57 53
30 1
1
57 56
6 16
31 14
12
11 19
16 30
10
56 22
57 16
14
5 10
28 35
4
36 42
53 45
1
16 14
10 39
11
35 10
30 19
8
40 30
42 9
6
23 59
21 54
9
51 4
6 22
3
21 28
59 53
13
44 42
5 58
7
36 6
22 18
15
31 31
28 40
2
54 17
12 55
